[300634]
alpha = 1.0
beta = 1.0000000146007484
perm_param = 3.7319920593106673e-20
tmp_param = 1.1798233528165808e-08

[001979]
alpha = 1.0
beta = 233304.14897867246
perm_param = 2.1800100347281443e-08
tmp_param = 3.945196036301024e-08
a1 = 0.004587142023884817
a2 = 0.2580255008925478
a3 = -0.36143537793993774
b1 = 0.86
a4 = 0.5

[0]
alpha = 0.75
beta = 0.60
perm_param = 0.025
tmp_param = 0.0058

[603612]
a1 = 0.008973424794635898
a2 = -0.41639225145368874
a3 = -0.248178090142041
b1 = 0.86
a4 = 0.5

